1.400000 0.004100 0.040487
1.400000 0.004100 0.114253
1.400000 0.004100 0.012951
1.400000 0.015092 0.512621
1.400000 0.004100 0.032460
1.400000 0.004100 0.037432
1.400000 0.023028 0.369685
1.400000 0.004100 0.036895
1.400000 0.004100 0.015471
1.400000 0.096832 10.249976
1.400000 0.004100 0.010283
1.400000 0.004219 0.018254
1.400000 0.054244 2.405826
1.400000 0.004100 0.015803
1.400000 0.074301 5.578477
1.400000 0.006463 0.036263
1.400000 0.016104 0.202589
1.400000 0.020422 0.259170
1.400000 0.004100 0.056380
1.400000 0.004100 0.016717
1.400000 0.036856 1.016499
1.400000 0.042978 1.427878
1.400000 0.006128 0.085338
1.400000 0.006099 0.044438
1.400000 0.037751 1.150739
1.400000 0.018301 0.354591
1.400000 0.004100 0.011611
1.400000 0.004100 0.023330
1.400000 0.019054 0.240650
1.400000 0.011097 0.085413
1.400000 0.004100 0.013242
1.400000 0.004953 0.033471
1.400000 0.004100 0.015467
1.400000 0.033934 0.980334
1.400000 0.048616 2.303587
1.400000 0.027837 0.792984
1.400000 0.072545 4.528368
1.400000 0.018292 0.271039
1.400000 0.004100 0.015036
1.400000 0.012021 0.121547
1.400000 0.023654 0.396195
1.400000 0.004100 0.048792
1.400000 0.038153 1.399182
1.400000 0.004100 0.015530
1.400000 0.004444 0.016053
1.400000 0.004100 0.012635
1.400000 0.021650 0.447301
1.400000 0.004100 0.024926
1.400000 0.025724 0.509207
1.400000 0.004100 0.017115
1.400000 0.004100 0.011171
1.400000 0.004100 0.050737
1.400000 0.052950 2.378471
1.400000 0.051074 2.433681
1.400000 0.021501 0.352285
1.400000 0.004100 0.012139
1.400000 0.005155 0.017647
1.400000 0.047824 1.637941
1.400000 0.030403 0.738153
1.400000 0.095918 7.318730
1.400000 0.064054 3.550221
1.400000 0.004100 0.013243
1.400000 0.004100 0.012216
1.400000 0.004100 0.018895
1.400000 0.038638 1.371075
1.400000 0.053201 1.830850
1.400000 0.032553 1.008974
1.400000 0.017329 0.214267
1.400000 0.074823 3.739825
1.400000 0.066864 3.345219
1.400000 0.004100 0.014381
1.400000 0.004100 0.031720
1.400000 0.004100 0.016575
1.400000 0.042222 1.041594
1.400000 0.004100 0.013919
1.400000 0.066928 4.296324
1.400000 0.078253 4.256437
1.400000 0.047700 1.890370
1.400000 0.004100 0.014656
1.400000 0.018602 0.268370
1.400000 0.048464 1.725922
1.400000 0.010945 0.118744
1.400000 0.004100 0.012845
1.400000 0.010597 0.105094
1.400000 0.004100 0.016984
1.400000 0.004100 0.014911
1.400000 0.004100 0.010770
1.400000 0.035244 1.105152
1.400000 0.004100 0.019047
1.400000 0.004100 0.015891
1.400000 0.018431 0.317781
1.400000 0.004100 0.010532
1.400000 0.004100 0.018917
1.400000 0.076787 3.981217
1.400000 0.018130 0.267168
1.400000 0.004100 0.014561
1.400000 0.004100 0.012860
1.400000 0.031076 0.779521
1.400000 0.034204 0.958991
1.400000 0.123997 10.874874
1.400000 0.063548 5.243776
1.400000 0.008513 0.069714
1.400000 0.004100 0.021391
1.400000 0.004100 0.010883
1.400000 0.004100 0.016881
1.400000 0.004100 0.012970
1.400000 0.004100 0.014158
1.400000 0.004100 0.019112
1.400000 0.006852 0.032691
1.400000 0.004100 0.012300
1.400000 0.026176 0.438967
1.400000 0.004100 0.014857
1.400000 0.004100 0.012523
1.400000 0.004100 0.012429
1.400000 0.018766 0.272253
1.400000 0.004100 0.016533
1.400000 0.040167 1.274960
1.400000 0.033211 0.930980
1.400000 0.004100 0.014855
1.400000 0.041951 1.136599
1.400000 0.021111 0.477375
1.400000 0.007288 0.123344
1.400000 0.013148 0.161419
1.400000 0.043671 1.566356
1.400000 0.008571 0.087284
1.400000 0.012638 0.616886
1.400000 0.062938 3.136715
1.400000 0.051912 8.109125
1.400000 0.063950 3.035978
1.400000 0.004100 0.080270
1.400000 0.039264 1.525660
1.400000 0.004100 0.053926
1.400000 0.004100 0.016847
1.400000 0.041287 1.340130
1.400000 0.004100 0.044490
1.400000 0.020163 0.403395
1.400000 0.004100 0.013695
1.400000 0.013670 0.174204
1.400000 0.022154 1.339547
1.400000 0.086530 6.693902
1.400000 0.004100 0.013772
1.400000 0.004100 0.017092
1.400000 0.046182 3.252043
1.400000 0.004100 0.014729
1.400000 0.031215 0.772445
1.400000 0.004100 0.015215
1.400000 0.004100 0.017173
1.400000 0.004100 0.036759
1.400000 0.027773 0.571877
1.400000 0.004100 0.010908
1.400000 0.004100 0.014493
1.400000 0.030499 1.351314
1.400000 0.008024 0.061941
1.400000 0.027919 0.910195
1.400000 0.005248 0.027253
1.400000 0.061814 4.836824
1.400000 0.012374 0.136626
1.400000 0.024570 0.356454
1.400000 0.013925 0.210827
1.400000 0.018087 0.537545
1.400000 0.004100 0.012574
1.400000 0.004100 0.012377
1.400000 0.085391 6.748555
1.400000 0.023338 0.531830
1.400000 0.029627 0.595163
1.400000 0.004100 0.013799
1.400000 0.004100 0.020167
1.400000 0.004100 0.018062
1.400000 0.042477 1.272619
1.400000 0.028631 0.732748
1.400000 0.004100 0.014534
1.400000 0.052492 2.978405
1.400000 0.009287 0.095069
1.400000 0.010187 0.086645
1.400000 0.036292 0.794491
1.400000 0.017658 0.322035
1.400000 0.043905 1.464702
1.400000 0.008515 0.074157
1.400000 0.007642 0.051279
1.400000 0.015460 0.263924
1.400000 0.004100 0.012582
1.400000 0.004100 0.011495
1.400000 0.016526 0.353107
1.400000 0.023442 0.556181
1.400000 0.042200 1.360152
1.400000 0.004100 0.012064
1.400000 0.016941 0.233849
1.400000 0.004100 0.019593
1.400000 0.060833 2.913453
1.400000 0.038954 1.334942
1.400000 0.004100 0.015421
1.400000 0.004100 0.019449
1.400000 0.004100 0.012931
1.400000 0.004100 0.011206
1.400000 0.004100 0.013927
1.400000 0.004100 0.012509
1.400000 0.030638 0.863704
1.400000 0.020623 0.317386
1.400000 0.004100 0.015032
1.400000 0.027579 0.845784
1.400000 0.004100 0.013229
1.400000 0.006464 0.050270
1.400000 0.027103 0.580055
1.400000 0.032997 1.276024
1.400000 0.004100 0.019067
1.400000 0.004100 0.014143
1.400000 0.022231 0.453930
1.400000 0.004100 0.016663
1.400000 0.004100 0.014482
1.400000 0.028144 0.732766
1.400000 0.007507 0.064241
1.400000 0.019922 0.643870
1.400000 0.033409 0.705624
1.400000 0.004100 0.016461
1.400000 0.004100 0.013705
1.400000 0.016512 0.236895
1.400000 0.025385 0.514390
1.400000 0.019959 0.347319
1.400000 0.010047 0.080573
1.400000 0.019009 0.385915
1.400000 0.011828 0.143410
1.400000 0.022453 0.452473
1.400000 0.004100 0.015447
1.400000 0.062567 3.430743
1.400000 0.032132 0.691407
1.400000 0.007657 0.046047
1.400000 0.004483 0.014522
1.400000 0.013766 0.173691
1.400000 0.004100 0.017182
1.400000 0.029630 0.638192
1.400000 0.061235 3.025306
1.400000 0.004100 0.011146
1.400000 0.019755 0.347103
1.400000 0.014481 0.187006
1.400000 0.004100 0.014650
1.400000 0.033323 1.064621
1.400000 0.004100 0.011787
1.400000 0.032536 0.820055
1.400000 0.033666 1.022407
1.400000 0.004100 0.015450
1.400000 0.004100 0.018371
1.400000 0.004100 0.018283
1.400000 0.004100 0.016334
1.400000 0.033095 0.956727
1.400000 0.012758 0.203631
1.400000 0.066246 23.097635
1.400000 0.004100 0.014220
1.400000 0.008141 0.345139
1.400000 0.046018 1.872508
1.400000 0.108861 54.657915
1.400000 0.025432 0.661750
1.400000 0.004100 0.075556
1.400000 0.038234 1.413907
1.400000 0.004100 0.042489
1.400000 0.004100 0.017326
1.400000 0.004100 0.036246
1.400000 0.037995 1.153121
1.400000 0.044705 7.698139
1.400000 0.004100 0.016241
1.400000 0.004100 0.059506
1.400000 0.074212 4.680542
1.400000 0.004100 0.047384
1.400000 0.010856 0.143524
1.400000 0.004100 0.016056
1.400000 0.069151 3.022851
1.400000 0.043378 2.998908
1.400000 0.005186 0.019106
1.400000 0.035455 1.585824
1.400000 0.029902 0.798352
1.400000 0.009676 0.170617
1.400000 0.004100 0.016328
1.400000 0.004100 0.028260
1.400000 0.053516 2.810934
1.400000 0.090851 8.397629
1.400000 0.026796 0.555089
1.400000 0.004100 0.034997
1.400000 0.006328 0.036497
1.400000 0.004100 0.024410
1.400000 0.025193 0.605161
1.400000 0.019688 0.353190
1.400000 0.004100 0.016158
1.400000 0.030458 0.891440
1.400000 0.034186 1.197722
1.400000 0.030451 1.184627
1.400000 0.004100 0.020620
1.400000 0.004100 0.022557
1.400000 0.004100 0.024372
1.400000 0.032809 0.798970
1.400000 0.033712 1.099211
1.400000 0.073836 6.326409
1.400000 0.051537 2.167206
1.400000 0.008627 0.072192
1.400000 0.013681 0.294359
1.400000 0.004100 0.018507
1.400000 0.004100 0.016796
1.400000 0.004100 0.015764
1.400000 0.004100 0.018757
1.400000 0.047752 2.408954
1.400000 0.020308 0.425312
1.400000 0.018808 0.362460
1.400000 0.021596 0.394541
1.400000 0.010471 0.123967
1.400000 0.007272 0.042364
1.400000 0.028408 0.782553
1.400000 0.025484 0.575294
1.400000 0.044776 2.321377
1.400000 0.014537 0.196659
1.400000 0.033576 1.016335
1.400000 0.029219 0.741107
1.400000 0.023244 0.620134
1.400000 0.009280 0.064081
1.400000 0.004100 0.015617
1.400000 0.042639 1.831181
1.400000 0.004100 0.014456
1.400000 0.025824 0.566614
1.400000 0.004799 0.028177
1.400000 0.004100 0.015138
1.400000 0.004100 0.014455
1.400000 0.042175 1.599511
1.400000 0.013428 0.163783
1.400000 0.004100 0.015927
1.400000 0.004100 0.018744
1.400000 0.004100 0.011099
1.400000 0.004100 0.021932
1.400000 0.021116 0.311126
1.400000 0.073569 5.501377
1.400000 0.008036 0.057790
1.400000 0.036005 1.431854
1.400000 0.004100 0.012851
1.400000 0.036041 1.894947
1.400000 0.021428 0.460262
1.400000 0.004100 0.023105
1.400000 0.026534 0.569044
1.400000 0.021253 0.626893
1.400000 0.004100 0.015038
1.400000 0.025452 0.562978
1.400000 0.006499 0.037075
1.400000 0.011418 0.118343
1.400000 0.012827 0.109528
1.400000 0.015029 0.194994
1.400000 0.004100 0.018168
1.400000 0.004100 0.015547
1.400000 0.004100 0.016658
1.400000 0.043876 1.722719
1.400000 0.073051 5.299917
1.400000 0.017809 0.316604
1.400000 0.004100 0.024640
1.400000 0.016220 0.226467
1.400000 0.010432 0.113067
1.400000 0.025119 0.648438
1.400000 0.004100 0.014452
1.400000 0.004100 0.013819
1.400000 0.048661 2.480890
1.400000 0.059958 3.177720
1.400000 0.023858 0.549748
1.400000 0.013992 0.157128
1.400000 0.027342 0.623283
1.400000 0.025694 0.508934
1.400000 0.016164 0.355637
1.400000 0.056634 2.563014
1.400000 0.011126 0.193997
1.400000 0.004100 0.012135
1.400000 0.048332 1.967392
1.400000 0.004100 0.015006
1.400000 0.028149 0.853459
1.400000 0.004100 0.013017
1.400000 0.016082 0.269347
1.400000 0.041525 1.304246
1.400000 0.019200 0.363225
1.400000 0.004100 0.018139
1.400000 0.020485 0.329523
1.400000 0.018147 0.326216
1.400000 0.029349 0.719902
1.400000 0.004100 0.045366
1.400000 0.005285 0.025530
1.400000 0.033381 1.329632
1.400000 0.004100 0.012694
1.400000 0.065213 2.752149
1.400000 0.004100 0.017772
1.400000 0.028098 0.570836
1.400000 0.054655 2.085421
1.400000 0.061380 2.886981
1.400000 0.024382 0.531381
1.400000 0.029221 0.819689
1.400000 0.030232 0.737065
1.400000 0.013387 0.143694
1.400000 0.026435 0.701748
1.400000 0.004100 0.014787
1.400000 0.012360 0.151472
1.400000 0.015723 0.242233
1.400000 0.008970 0.074293
1.400000 0.005607 0.028974
1.400000 0.008394 0.075581
1.400000 0.004100 0.014413
1.400000 0.061258 3.259336
1.400000 0.043522 1.364642
1.400000 0.006972 0.036758
1.400000 0.035644 1.093724
1.400000 0.020240 0.345235
1.400000 0.004100 0.015116
1.400000 0.010334 0.127563
1.400000 0.007735 0.041351
1.400000 0.008912 0.105267
1.400000 0.004100 0.019714
1.400000 0.005854 0.029699
1.400000 0.010953 0.097834
1.400000 0.022620 0.394381
1.400000 0.004100 0.012857
1.400000 0.025587 0.893791
1.400000 0.041770 1.512005
1.400000 0.018718 0.316240
1.400000 0.017202 0.245469
1.400000 0.009064 0.108683
1.400000 0.007483 0.056436
1.400000 0.029255 1.063364
1.400000 0.009558 0.075635
1.400000 0.017722 0.254423
1.400000 0.012600 0.138818
1.400000 0.026847 0.528676
1.400000 0.004100 0.014916
1.400000 0.004100 0.018906
1.400000 0.009826 0.114250
1.400000 0.012044 0.148149
1.400000 0.019864 0.252711
1.400000 0.037232 1.123515
1.400000 0.029731 0.888447
1.400000 0.004100 0.023088
1.400000 0.007835 0.049618
1.400000 0.007624 0.052040
1.400000 0.004100 0.017311
1.400000 0.037497 1.570708
1.400000 0.036751 1.242585
1.400000 0.018194 0.335613
1.400000 0.004100 0.021750
1.400000 0.014252 0.399127
1.400000 0.024566 0.578333
1.400000 0.035022 0.904731
1.400000 0.004100 0.016253
1.400000 0.028437 0.908203
1.400000 0.008743 0.095041
1.400000 0.004100 0.099159
1.400000 0.030601 1.256593
1.400000 0.004100 0.053134
1.400000 0.023747 0.717113
1.400000 0.085713 16.790762
1.400000 0.018811 0.285618
1.400000 0.032154 3.765188
1.400000 0.011872 0.142998
1.400000 0.041430 5.183621
1.400000 0.022141 0.962054
1.400000 0.004100 0.043307
1.400000 0.004100 0.016817
1.400000 0.028824 1.571975
1.400000 0.008321 0.108219
1.400000 0.080441 10.667511
1.400000 0.004100 0.017422
1.400000 0.027022 2.319406
1.400000 0.011522 0.183044
1.400000 0.004100 0.028438
1.400000 0.004100 0.019572
1.400000 0.004100 0.026345
1.400000 0.004100 0.016311
1.400000 0.032127 2.329099
1.400000 0.004100 0.024182
1.400000 0.004100 0.022535
1.400000 0.008342 0.228679
1.400000 0.004100 0.030059
1.400000 0.014382 0.218184
1.400000 0.033554 1.423716
1.400000 0.004100 0.019888
1.400000 0.004100 0.036710
1.400000 0.004100 0.020548
1.400000 0.082961 9.803285
1.400000 0.012080 0.160651
1.400000 0.004100 0.028538
1.400000 0.004100 0.014835
1.400000 0.025050 1.563332
1.400000 0.033933 0.965701
1.400000 0.025629 1.373585
1.400000 0.034992 1.411882
1.400000 0.004100 0.033695
1.400000 0.030106 0.948086
1.400000 0.023787 1.000408
1.400000 0.016524 0.274737
1.400000 0.024884 1.384733
1.400000 0.043677 1.449645
1.400000 0.035356 1.586077
1.400000 0.004100 0.015892
1.400000 0.004100 0.017096
1.400000 0.004100 0.020657
1.400000 0.004100 0.020677
1.400000 0.007454 0.054601
1.400000 0.004100 0.027412
1.400000 0.004100 0.016194
1.400000 0.017864 0.358001
1.400000 0.011194 0.138641
1.400000 0.004100 0.021894
1.400000 0.005373 0.029816
1.400000 0.032106 1.160470
1.400000 0.019174 0.448025
1.400000 0.018942 0.527600
1.400000 0.007969 0.078994
1.400000 0.048896 2.065605
1.400000 0.067277 4.837757
1.400000 0.004358 0.038940
1.400000 0.004100 0.016506
1.400000 0.004100 0.016829
1.400000 0.024275 0.541520
1.400000 0.016627 0.314750
1.400000 0.004100 0.016361
1.400000 0.017203 0.313528
1.400000 0.027240 0.836814
1.400000 0.004100 0.015826
1.400000 0.008089 0.062705
1.400000 0.004100 0.015177
1.400000 0.016694 0.261032
1.400000 0.058248 3.464073
1.400000 0.004100 0.025012
1.400000 0.033655 1.429649
1.400000 0.009930 0.087385
1.400000 0.004100 0.019007
1.400000 0.020905 0.511627
1.400000 0.004100 0.019115
1.400000 0.069532 3.544136
1.400000 0.045200 2.026357
1.400000 0.004100 0.015235
1.400000 0.004100 0.020257
1.400000 0.004100 0.015817
1.400000 0.035455 1.552866
1.400000 0.036196 1.281504
1.400000 0.020598 0.492178
1.400000 0.004100 0.018275
1.400000 0.032707 1.035674
1.400000 0.009132 0.087912
1.400000 0.004100 0.027418
1.400000 0.004100 0.025380
1.400000 0.004100 0.015605
1.400000 0.033416 1.137185
1.400000 0.030551 1.075773
1.400000 0.004100 0.018275
1.400000 0.078609 5.599901
1.400000 0.004100 0.019312
1.400000 0.009294 0.079397
1.400000 0.004100 0.015919
1.400000 0.036311 1.793640
1.400000 0.013259 0.173651
1.400000 0.020536 0.329692
1.400000 0.030871 0.852699
1.400000 0.004100 0.021629
1.400000 0.004100 0.014299
1.400000 0.028286 0.708541
1.400000 0.033430 1.272003
1.400000 0.046657 2.159202
1.400000 0.029791 0.906008
1.400000 0.059900 3.110425
1.400000 0.010863 0.109436
1.400000 0.004100 0.017543
1.400000 0.035611 1.087941
1.400000 0.009823 0.140921
1.400000 0.044015 1.524223
1.400000 0.037692 1.581563
1.400000 0.007448 0.066511
1.400000 0.037396 1.293901
1.400000 0.020731 0.370118
1.400000 0.020696 0.342453
1.400000 0.004100 0.016744
1.400000 0.004100 0.013534
1.400000 0.004100 0.016451
1.400000 0.004100 0.013367
1.400000 0.004100 0.015699
1.400000 0.015629 0.202893
1.400000 0.015822 0.209302
1.400000 0.008894 0.099493
1.400000 0.012308 0.114684
1.400000 0.016409 0.242623
1.400000 0.004100 0.018085
1.400000 0.038991 1.404210
1.400000 0.018478 0.310628
1.400000 0.004100 0.011258
1.400000 0.030071 0.915484
1.400000 0.005519 0.036460
1.400000 0.005260 0.024476
1.400000 0.040072 1.912481
1.400000 0.018262 0.314319
1.400000 0.024860 0.511478
1.400000 0.062766 4.150929
1.400000 0.004100 0.011624
1.400000 0.033222 0.922988
1.400000 0.032240 0.866053
1.400000 0.054107 2.781711
1.400000 0.028845 1.326250
1.400000 0.037332 1.129232
1.400000 0.020076 0.417807
1.400000 0.004100 0.020619
1.400000 0.017007 0.356971
1.400000 0.030639 1.062143
1.400000 0.004100 0.016695
1.400000 0.010558 0.106568
1.400000 0.004100 0.020631
1.400000 0.004100 0.014474
1.400000 0.025021 0.575958
1.400000 0.007282 0.060313
1.400000 0.004100 0.023626
1.400000 0.042296 1.392017
1.400000 0.011765 0.186237
1.400000 0.015209 0.287575
1.400000 0.007187 0.045629
1.400000 0.040481 1.417157
1.400000 0.005152 0.033192
1.400000 0.004100 0.017039
1.400000 0.022700 0.390560
1.400000 0.018139 0.473822
1.400000 0.004100 0.014568
1.400000 0.029933 0.885443
1.400000 0.004100 0.017452
1.400000 0.004100 0.015570
1.400000 0.004100 0.015605
1.400000 0.028010 0.525870
1.400000 0.005180 0.043654
1.400000 0.054554 2.757823
1.400000 0.012849 0.254836
1.400000 0.004100 0.016673
1.400000 0.008979 0.085361
1.400000 0.023489 0.507417
1.400000 0.017224 0.271806
1.400000 0.024759 0.718951
1.400000 0.005602 0.021362
1.400000 0.006330 0.039380
1.400000 0.020884 0.306613
1.400000 0.023272 0.624396
1.400000 0.005593 0.027896
1.400000 0.023865 0.502714
1.400000 0.037513 0.982339
1.400000 0.046098 1.935096
1.400000 0.005103 0.019040
1.400000 0.045249 1.664936
1.400000 0.004100 0.016983
1.400000 0.010020 0.096277
1.400000 0.004100 0.017525
1.400000 0.007820 0.075535
1.400000 0.004100 0.011941
1.400000 0.004100 0.011736
1.400000 0.012362 0.124941
1.400000 0.004100 0.013537
1.400000 0.005637 0.039192
1.400000 0.050118 2.226513
1.400000 0.020009 0.393076
1.400000 0.017500 0.296189
1.400000 0.023502 0.861683
1.400000 0.004100 0.015268
1.400000 0.005924 0.056842
1.400000 0.013438 0.130231
1.400000 0.004100 0.022288
1.400000 0.004100 0.021898
1.400000 0.010528 0.095099
1.400000 0.023307 0.451920
1.400000 0.035799 1.042665
1.400000 0.030976 0.979237
1.400000 0.040415 1.581436
1.400000 0.019333 0.316261
1.400000 0.004100 0.016211
1.400000 0.004100 0.011817
1.400000 0.010266 0.174736
1.400000 0.023249 0.521738
1.400000 0.012962 0.174482
1.400000 0.004100 0.015213
1.400000 0.014667 0.274199
1.400000 0.022626 0.582538
1.400000 0.034170 0.907402
1.400000 0.016199 0.355557
1.400000 0.006639 0.281970
1.400000 0.004100 0.128165
1.400000 0.020579 1.767383
1.400000 0.004100 0.059609
1.400000 0.004100 0.056819
1.400000 0.014726 0.593497
1.400000 0.004100 0.034923
1.400000 0.006103 0.079807
1.400000 0.004100 0.033695
1.400000 0.004100 0.039375
1.400000 0.004100 0.034234
1.400000 0.004100 0.028950
1.400000 0.031724 2.229578
1.400000 0.004100 0.021230
1.400000 0.041874 2.125699
1.400000 0.008800 0.113293
1.400000 0.048920 4.083150
1.400000 0.012370 0.226781
1.400000 0.004100 0.023522
1.400000 0.015748 0.453822
1.400000 0.004100 0.022609
1.400000 0.053799 3.855544
1.400000 0.004100 0.020734
1.400000 0.048483 2.727399
1.400000 0.045261 2.297424
1.400000 0.004100 0.030354
1.400000 0.008268 0.107440
1.400000 0.004100 0.020929
1.400000 0.017276 0.438822
1.400000 0.004100 0.022612
1.400000 0.023268 0.838597
1.400000 0.015348 0.247770
1.400000 0.004100 0.032254
1.400000 0.012407 0.302947
1.400000 0.004100 0.029950
1.400000 0.004100 0.020208
1.400000 0.004100 0.017031
1.400000 0.030063 1.089307
1.400000 0.025262 0.892579
1.400000 0.015476 0.383252
1.400000 0.013821 0.243041
1.400000 0.036486 1.395033
1.400000 0.004100 0.026620
1.400000 0.016896 0.504240
1.400000 0.013451 0.201706
1.400000 0.042211 2.139093
1.400000 0.009626 0.115670
1.400000 0.004100 0.023716
1.400000 0.026341 0.605720
1.400000 0.004100 0.017466
1.400000 0.004100 0.019488
1.400000 0.027548 1.034524
1.400000 0.004461 0.018247
1.400000 0.032202 1.298559
1.400000 0.012129 0.239707
1.400000 0.010829 0.175812
1.400000 0.014782 0.255483
1.400000 0.030353 0.959981
1.400000 0.005249 0.070745
1.400000 0.008390 0.090038
1.400000 0.004100 0.029075
1.400000 0.025604 1.284740
1.400000 0.020900 0.378429
1.400000 0.034560 1.776138
1.400000 0.005218 0.039604
1.400000 0.008845 0.089099
1.400000 0.009651 0.089305
1.400000 0.006867 0.087684
1.400000 0.014444 0.392559
1.400000 0.014974 0.262152
1.400000 0.014130 0.209705
1.400000 0.038305 1.517959
1.400000 0.004100 0.014571
1.400000 0.004100 0.016647
1.400000 0.022683 0.620944
1.400000 0.004100 0.031546
1.400000 0.021876 0.597141
1.400000 0.004100 0.034102
1.400000 0.004100 0.018830
1.400000 0.018038 0.631595
1.400000 0.004100 0.032078
1.400000 0.010235 0.132505
1.400000 0.014480 0.255930
1.400000 0.017388 0.348095
1.400000 0.021068 0.508945
1.400000 0.024153 0.961470
1.400000 0.007494 0.081686
1.400000 0.017578 0.698006
1.400000 0.039716 2.037731
1.400000 0.004100 0.023586
1.400000 0.004100 0.022272
1.400000 0.004100 0.022974
1.400000 0.014406 1.687555
1.400000 0.015539 0.332249
1.400000 0.004100 0.069234
1.400000 0.004100 0.025463
1.400000 0.043176 3.027976
1.400000 0.021917 0.779943
1.400000 0.008639 0.282728
1.400000 0.032669 1.842808
1.400000 0.007287 0.084372
1.400000 0.004100 0.032817
1.400000 0.015572 1.218449
1.400000 0.004100 0.040802
1.400000 0.033451 1.213416
1.400000 0.023109 1.060254
1.400000 0.029155 1.224887
1.400000 0.027071 0.925718
1.400000 0.004100 0.025172
1.400000 0.022851 0.764814
1.400000 0.006370 0.062910
1.400000 0.034106 1.611537
1.400000 0.027444 0.913653
1.400000 0.004100 0.018209
1.400000 0.015897 1.095506
1.400000 0.004100 0.017579
1.400000 0.052111 2.634961
1.400000 0.011297 0.136285
1.400000 0.027495 0.858338
1.400000 0.004100 0.018758
1.400000 0.004100 0.026211
1.400000 0.004100 0.021405
1.400000 0.019259 0.329747
1.400000 0.004100 0.018518
1.400000 0.004100 0.024127
1.400000 0.029045 1.266677
1.400000 0.020207 0.321746
1.400000 0.004100 0.020551
1.400000 0.052988 2.412464
1.400000 0.004100 0.022588
1.400000 0.004100 0.022562
1.400000 0.032988 1.320891
1.400000 0.018710 0.785757
1.400000 0.036686 1.451111
1.400000 0.004100 0.017182
1.400000 0.036577 1.483973
1.400000 0.004100 0.016314
1.400000 0.021690 0.477970
1.400000 0.016114 0.207026
1.400000 0.031878 1.054077
1.400000 0.004100 0.025276
1.400000 0.029542 1.262899
1.400000 0.023307 0.683661
1.400000 0.019890 0.485016
1.400000 0.004100 0.020539
1.400000 0.004100 0.015395
1.400000 0.033245 1.314621
1.400000 0.004100 0.014543
1.400000 0.020050 0.414213
1.400000 0.031536 1.005870
1.400000 0.015428 0.187773
1.400000 0.004100 0.015917
1.400000 0.004100 0.017401
1.400000 0.040167 1.982623
1.400000 0.028112 0.938949
1.400000 0.034295 0.991436
1.400000 0.004677 0.027625
1.400000 0.004100 0.019193
1.400000 0.034047 0.931133
1.400000 0.009995 0.107424
1.400000 0.004100 0.020083
1.400000 0.004100 0.013549
1.400000 0.007473 0.118993
1.400000 0.046221 2.061179
1.400000 0.046452 2.736353
1.400000 0.004100 0.019727
1.400000 0.014857 0.262418
1.400000 0.022705 0.425786
1.400000 0.021511 0.500152
1.400000 0.008434 0.058911
1.400000 0.021818 0.605911
1.400000 0.011610 0.173465
1.400000 0.004100 0.022216
1.400000 0.015787 0.250106
1.400000 0.004100 0.017585
1.400000 0.029840 0.785907
1.400000 0.004100 0.013501
1.400000 0.004100 0.015170
1.400000 0.012460 0.121689
1.400000 0.034830 1.007230
1.400000 0.015297 0.262419
1.400000 0.004100 0.013840
1.400000 0.046514 1.926947
1.400000 0.008933 0.073688
1.400000 0.004100 0.017725
1.400000 0.008543 0.072093
1.400000 0.022431 0.562559
1.400000 0.004100 0.012898
1.400000 0.004100 0.025016
1.400000 0.020582 0.385647
1.400000 0.004100 0.017116
1.400000 0.029471 0.828598
1.400000 0.004100 0.019607
1.400000 0.015444 0.215977
1.400000 0.019709 0.398018
1.400000 0.005348 0.038211
1.400000 0.011355 0.132043
1.400000 0.008276 0.064626
1.400000 0.020824 0.404358
1.400000 0.004100 0.014882
1.400000 0.014618 0.329319
1.400000 0.032735 0.923219
1.400000 0.046029 2.027529
1.400000 0.031358 0.872025
1.400000 0.034203 1.092790
1.400000 0.004344 0.036543
1.400000 0.009039 0.098710
1.400000 0.025224 0.684564
1.400000 0.012963 0.194488
1.400000 0.004100 0.012753
1.400000 0.012858 0.150178
1.400000 0.039899 1.965837
1.400000 0.006643 0.061359
1.400000 0.021399 0.554806
1.400000 0.004100 0.016559
1.400000 0.026294 0.790778
1.400000 0.017305 0.231346
1.400000 0.004100 0.018990
1.400000 0.014092 0.178980
1.400000 0.004100 0.021004
1.400000 0.004100 0.017388
1.400000 0.004412 0.046085
1.400000 0.032335 0.975049
1.400000 0.036422 1.783569
1.400000 0.010045 0.138686
1.400000 0.026016 0.831318
1.400000 0.004100 0.019881
1.400000 0.013222 0.216519
1.400000 0.005142 0.030388
1.400000 0.006103 0.038738
1.400000 0.012225 0.180144
1.400000 0.031799 0.834098
1.400000 0.015087 0.195574
1.400000 0.012263 0.119156
1.400000 0.011559 0.147875
1.400000 0.015876 0.170626
1.400000 0.014816 0.224317
1.400000 0.005921 0.061673
1.400000 0.032999 1.069654
1.400000 0.021974 0.446823
1.400000 0.037554 2.581596
1.400000 0.004100 0.024604
1.400000 0.004100 0.021306
1.400000 0.060017 2.904613
1.400000 0.004100 0.020001
1.400000 0.011680 0.122027
1.400000 0.004100 0.014400
1.400000 0.005535 0.033344
1.400000 0.004100 0.021466
1.400000 0.019958 0.390182
1.400000 0.004336 0.028850
1.400000 0.004100 0.022937
1.400000 0.004100 0.014817
1.400000 0.019010 0.515232
1.400000 0.004100 0.018105
1.400000 0.004100 0.014790
1.400000 0.016049 0.250349
1.400000 0.027801 0.665610
1.400000 0.011362 0.182461
1.400000 0.007717 0.099690
1.400000 0.024712 0.990851
1.400000 0.020985 0.497720
1.400000 0.007477 0.094872
1.400000 0.023187 0.612868
1.400000 0.039134 1.456681
1.400000 0.004100 0.014221
1.400000 0.006967 0.064936
1.400000 0.007581 0.139050
1.400000 0.011009 0.316531
1.400000 0.004100 0.015394
1.400000 0.014875 0.500247
1.400000 0.004100 0.028226
1.400000 0.023436 0.554894
1.400000 0.013403 0.163141
1.400000 0.021930 0.659328
1.400000 0.004494 0.042695
1.400000 0.009455 0.286588
1.400000 0.017623 0.342019
1.400000 0.004100 0.031646
1.400000 0.022584 0.500527
1.400000 0.009403 0.901630
1.400000 0.009656 0.094652
1.400000 0.008201 2.424381
1.400000 0.009722 0.860542
1.400000 0.011997 0.174271
1.400000 0.040395 1.413594
1.400000 0.012727 0.267590
1.400000 0.004100 0.023606
1.400000 0.013745 0.347875
1.400000 0.007950 0.330837
1.400000 0.008255 0.140566
1.400000 0.016023 0.923335
1.400000 0.004100 0.022873
1.400000 0.014406 0.538072
1.400000 0.018838 0.509959
1.400000 0.014008 0.414562
1.400000 0.011650 0.289950
1.400000 0.017678 0.481276
1.400000 0.012767 0.733137
1.400000 0.046248 2.530499
1.400000 0.018039 0.422010
1.400000 0.009752 0.219868
1.400000 0.014197 0.282983
1.400000 0.015153 0.202900
1.400000 0.013166 0.499558
1.400000 0.008615 0.357122
1.400000 0.013560 0.238672
1.400000 0.004100 0.014508
1.400000 0.008814 0.530618
1.400000 0.029583 0.979826
1.400000 0.011016 0.294801
1.400000 0.014236 0.309242
1.400000 0.004100 0.018499
1.400000 0.008381 0.080160
1.400000 0.043352 1.674226
1.400000 0.008812 0.085410
1.400000 0.004706 0.019471
1.400000 0.015979 0.867604
1.400000 0.004100 0.018044
1.400000 0.014207 0.226359
1.400000 0.013455 0.325036
1.400000 0.024185 0.976360
1.400000 0.014476 0.270431
1.400000 0.017195 0.356645
1.400000 0.012111 0.200416
1.400000 0.004100 0.041334
1.400000 0.020740 1.043057
1.400000 0.008107 0.862410
1.400000 0.009858 0.232801
1.400000 0.019510 0.783127
1.400000 0.028097 0.710236
1.400000 0.007302 0.751076
1.400000 0.011462 0.258961
1.400000 0.008719 1.219176
1.400000 0.004223 0.026885
1.400000 0.007269 0.123827
1.400000 0.009720 0.071721
1.400000 0.008052 0.752083
1.400000 0.010444 0.141126
1.400000 0.010015 0.222865
1.400000 0.008930 0.266900
1.400000 0.009671 0.192850
1.400000 0.010029 0.143099
1.400000 0.014073 0.304349
1.400000 0.020766 0.418426
1.400000 0.028398 0.719433
1.400000 0.006209 0.045465
1.400000 0.020775 0.469774
1.400000 0.011060 0.105627
1.400000 0.012459 0.238016
1.400000 0.014655 0.486444
1.400000 0.010039 0.218254
1.400000 0.004100 0.041852
1.400000 0.005523 0.112087
1.400000 0.004100 0.021102
1.400000 0.020485 0.569063
1.400000 0.004100 0.011751
1.400000 0.009424 0.218640
1.400000 0.004100 0.019237
1.400000 0.034863 0.928675
1.400000 0.004756 0.033069
1.400000 0.019423 0.661856
1.400000 0.004100 0.016060
1.400000 0.004100 0.021215
1.400000 0.009795 0.134268
1.400000 0.006125 0.077088
1.400000 0.019839 0.550925
1.400000 0.004587 0.084656
1.400000 0.012628 0.265067
1.400000 0.015622 0.413194
1.400000 0.004100 0.016573
1.400000 0.010099 0.220791
1.400000 0.007456 0.099747
1.400000 0.004100 0.015742
1.400000 0.008605 0.113425
1.400000 0.007489 0.266598
1.400000 0.004100 0.022317
1.400000 0.012593 0.293381
1.400000 0.004100 0.024357
1.400000 0.022865 0.739546
1.400000 0.014423 0.389464
1.400000 0.020184 0.596925
1.400000 0.011654 0.513589
1.400000 0.017913 0.373634
1.400000 0.015974 0.426842
1.400000 0.008176 0.811145
1.400000 0.045548 2.055030
1.400000 0.009432 0.275477
1.400000 0.021598 0.702689
1.400000 0.011751 0.310320
1.400000 0.007580 0.099005
1.400000 0.018500 0.440974
1.400000 0.012132 0.286669
1.400000 0.012371 0.265970
1.400000 0.007958 0.120365
1.400000 0.015789 0.258135
1.400000 0.018878 0.403816
1.400000 0.007755 0.099539
1.400000 0.021861 0.476010
1.400000 0.004100 0.028504
1.400000 0.004100 0.027956
1.400000 0.034567 1.377419
1.400000 0.031086 1.260359
1.400000 0.012933 0.183845
1.400000 0.004689 0.122286
1.400000 0.007568 0.106882
1.400000 0.013865 0.196996
1.400000 0.004100 0.032330
1.400000 0.007785 0.222392
1.400000 0.004100 0.017402
1.400000 0.030201 1.000039
1.400000 0.009051 0.319061
1.400000 0.007255 0.103466
1.400000 0.015987 0.232211
1.400000 0.042488 1.954873
1.400000 0.010271 0.626461
1.400000 0.008031 0.350573
1.400000 0.005770 0.045097
1.400000 0.004100 0.025033
1.400000 0.011141 0.257110
1.400000 0.004100 0.013920
1.400000 0.014353 0.711544
1.400000 0.004821 0.147705
1.400000 0.004100 0.019889
1.400000 0.018983 0.427480
1.400000 0.027984 1.844244
1.400000 0.022485 0.420034
1.400000 0.004100 0.016322
1.400000 0.013233 0.225627
1.400000 0.008778 0.194677
1.400000 0.006031 0.070506
1.400000 0.004100 0.022194
1.400000 0.026491 1.341994
1.400000 0.031731 1.235037
1.400000 0.004100 0.024176
1.400000 0.013752 0.577401
1.400000 0.004560 0.093810
1.400000 0.015947 0.323335
1.400000 0.010302 0.167989
1.400000 0.011118 0.685259
1.400000 0.008411 0.590955
1.400000 0.011346 0.288855
1.400000 0.004100 0.020712
1.400000 0.007640 0.186562
1.400000 0.028185 0.856717
1.400000 0.019946 0.767724
1.400000 0.009826 0.083476
1.400000 0.011481 0.685302
1.400000 0.033569 1.259596
1.400000 0.016923 0.507492
1.400000 0.018315 0.413427
1.400000 0.013339 0.289088
1.400000 0.006025 0.040824
1.400000 0.011193 0.178680
1.400000 0.014951 0.655524
1.400000 0.072671 4.656731
1.400000 0.006009 0.122361
1.400000 0.011368 0.442486
1.400000 0.013638 0.502093
1.400000 0.006170 0.559546
1.400000 0.004100 0.025453
1.400000 0.016784 0.580096
1.400000 0.004100 0.015482
1.400000 0.008660 0.144157
1.400000 0.014085 0.620753
1.400000 0.018619 1.088864
1.400000 0.007926 0.112144
1.400000 0.026229 1.683735
1.400000 0.014417 0.259777
1.400000 0.007249 0.101637
1.400000 0.004100 0.020288
1.400000 0.011580 0.432003
1.400000 0.018437 0.597368
1.400000 0.004309 0.033235
1.400000 0.004100 0.017181
1.400000 0.018689 0.293621
1.400000 0.007522 0.057412
1.400000 0.029481 0.718093
1.400000 0.011494 0.128073
1.400000 0.039142 1.547313
1.400000 0.020794 0.863021
1.400000 0.010125 0.162431
1.400000 0.019566 0.572652
1.400000 0.007497 0.097102
1.400000 0.010950 0.200797
1.400000 0.004100 0.029576
1.400000 0.019614 0.688468
1.400000 0.004100 0.023242
1.400000 0.004100 0.020234
1.400000 0.042564 1.337019
1.400000 0.009936 0.228422
1.400000 0.010786 0.129368
1.400000 0.013396 0.213118
1.400000 0.010870 0.177613
1.400000 0.008234 2.230762
1.400000 0.006900 0.467806
1.400000 0.032173 1.053303
1.400000 0.011669 3.676155
1.400000 0.009615 0.142797
1.400000 0.009340 0.523115
1.400000 0.009432 0.142180
1.400000 0.017043 0.652133
1.400000 0.004100 0.045252
1.400000 0.018684 0.527221
1.400000 0.006283 0.342101
1.400000 0.010115 0.394668
1.400000 0.020362 0.502202
1.400000 0.013949 0.350974
1.400000 0.008809 0.167825
1.400000 0.016703 0.549113
1.400000 0.024589 0.964499
1.400000 0.006616 0.274718
1.400000 0.020688 0.574601
1.400000 0.004100 0.022671
1.400000 0.005306 0.066090
1.400000 0.017127 0.535724
1.400000 0.019293 0.629990
1.400000 0.012555 0.344429
1.400000 0.010788 0.255583
1.400000 0.019605 0.336838
1.400000 0.012268 0.187224
1.400000 0.004100 0.031784
1.400000 0.025734 0.627060
1.400000 0.006784 0.104628
1.400000 0.004100 0.033173
1.400000 0.004100 0.026319
1.400000 0.009354 0.374988
1.400000 0.004100 0.019284
1.400000 0.017285 1.107412
1.400000 0.012691 0.151237
1.400000 0.007138 0.473039
1.400000 0.020526 0.732662
1.400000 0.006333 0.135605
1.400000 0.004100 0.014243
1.400000 0.017045 0.825431
1.400000 0.014513 0.435216
1.400000 0.012307 0.285602
1.400000 0.023791 1.017990
1.400000 0.004100 0.044127
1.400000 0.004100 0.030156
1.400000 0.015086 0.433162
1.400000 0.021323 1.926473
1.400000 0.005325 0.052331
1.400000 0.004100 0.016185
1.400000 0.011079 0.241729
1.400000 0.010441 0.214728
1.400000 0.025347 0.961066
1.400000 0.007977 0.179158
1.400000 0.013467 0.197844
1.400000 0.008564 0.079206
1.400000 0.008781 0.638724
1.400000 0.010451 0.154681
1.400000 0.011633 0.236103
1.400000 0.029884 0.718381
1.400000 0.012684 0.176300
1.400000 0.037777 1.126781
1.400000 0.010468 0.796607
1.400000 0.020530 0.508098
1.400000 0.014346 0.321775
1.400000 0.020669 0.832461
1.400000 0.007282 0.661652
1.400000 0.014832 0.292273
1.400000 0.022414 0.637043
1.400000 0.015396 0.432960
1.400000 0.048118 2.268575
1.400000 0.020526 0.597284
1.400000 0.015338 0.841916
1.400000 0.024334 1.129294
1.400000 0.004700 0.122362
1.400000 0.035172 1.276992
1.400000 0.011110 0.197529
1.400000 0.004100 0.030705
1.400000 0.014589 0.383313
1.400000 0.027559 1.528158
1.400000 0.022387 1.449412
1.400000 0.012016 0.358979
1.400000 0.004100 0.021454
1.400000 0.015605 0.437218
1.400000 0.021612 0.438889
1.400000 0.004100 0.018562
1.400000 0.015015 0.280482
1.400000 0.013304 0.218838
1.400000 0.015122 0.214715
1.400000 0.009433 0.245701
1.400000 0.009749 0.196229
1.400000 0.020266 0.691303
1.400000 0.007908 0.420548
1.400000 0.004100 0.023306
1.400000 0.012022 0.449154
1.400000 0.020730 0.776172
1.400000 0.016354 0.570292
1.400000 0.007060 0.056461
1.400000 0.004100 0.028439
1.400000 0.023157 0.639492
1.400000 0.014236 0.363189
1.400000 0.004100 0.026711
1.400000 0.014339 0.236829
1.400000 0.019289 0.776049
1.400000 0.008606 0.148687
1.400000 0.011457 0.179850
1.400000 0.004100 0.044058
1.400000 0.009961 0.221154
1.400000 0.011911 0.276849
1.400000 0.020251 0.866787
1.400000 0.004100 0.041180
1.400000 0.006754 0.046467
1.400000 0.005441 0.273169
1.400000 0.004100 0.035211
1.400000 0.016505 0.357020
1.400000 0.028650 1.110947
1.400000 0.010340 0.352086
1.400000 0.004100 0.026760
1.400000 0.004100 0.036596
1.400000 0.004100 0.020032
1.400000 0.005475 0.029474
1.400000 0.034576 1.136799
1.400000 0.012676 1.067913
1.400000 0.014179 0.544305
1.400000 0.024695 0.921445
1.400000 0.027779 0.927012
1.400000 0.021596 0.531266
1.400000 0.014424 0.498235
1.400000 0.014551 0.396586
1.400000 0.040001 3.601992
1.400000 0.008004 0.245321
1.400000 0.026905 0.758200
1.400000 0.005199 0.032324
1.400000 0.007776 0.294766
1.400000 0.019454 0.370488
1.400000 0.004100 0.022272
1.400000 0.010142 1.179323
1.400000 0.024628 0.955681
1.400000 0.004100 0.035399
1.400000 0.016161 0.255212
1.400000 0.038720 1.816178
1.400000 0.004366 0.070318
1.400000 0.020456 0.931149
1.400000 0.007680 0.135957
1.400000 0.013428 0.226276
1.400000 0.013478 0.479713
1.400000 0.027458 0.885976
1.400000 0.004100 0.015885
1.400000 0.014616 0.182207
1.400000 0.012862 0.188252
1.400000 0.008863 0.102776
1.400000 0.016622 0.386873
1.400000 0.010661 0.271534
1.400000 0.006642 0.198640
1.400000 0.006514 0.125052
1.400000 0.024663 0.963726
1.400000 0.008860 0.578405
1.400000 0.008131 0.143984
1.400000 0.010942 0.314212
1.400000 0.029683 0.960537
1.400000 0.004100 0.026551
1.400000 0.004100 0.020138
1.400000 0.014461 0.278716
1.400000 0.028444 1.188520
1.400000 0.004847 0.134012
1.400000 0.004100 0.019471
1.400000 0.004100 0.019822
1.400000 0.014398 0.218306
1.400000 0.016089 0.434535
1.400000 0.024982 0.685629
1.400000 0.014378 0.375181
1.400000 0.017262 0.447673
1.400000 0.028222 0.826626
1.400000 0.004100 0.021788
1.400000 0.004100 0.014666
1.400000 0.004100 0.018441
1.400000 0.012563 0.700915
1.400000 0.007340 0.063765
1.400000 0.030710 1.245586
1.400000 0.019792 0.527326
1.400000 0.019161 0.403763
1.400000 0.006776 0.251825
1.400000 0.011135 0.144661
1.400000 0.007183 0.108922
1.400000 0.019209 0.376258
1.400000 0.017093 0.605061
1.400000 0.016004 0.472290
1.400000 0.013946 0.515484
1.400000 0.024774 1.058815
1.400000 0.022890 0.520312
1.400000 0.014006 0.315179
1.400000 0.022578 0.533661
1.400000 0.016960 0.458981
1.400000 0.004100 0.025615
1.400000 0.009935 2.625766
1.400000 0.008589 0.087082
1.400000 0.007145 0.494718
1.400000 0.014442 0.693047
1.400000 0.012777 0.225076
1.400000 0.021815 0.617817
1.400000 0.005570 0.033129
1.400000 0.009142 0.179532
1.400000 0.007609 0.324075
1.400000 0.010930 0.553589
1.400000 0.004100 0.038212
1.400000 0.010668 0.274605
1.400000 0.004100 0.022637
1.400000 0.022083 0.537787
1.400000 0.008713 2.740623
1.400000 0.012848 0.191617
1.400000 0.004100 0.015394
1.400000 0.004100 0.029307
1.400000 0.010994 0.153912
1.400000 0.017799 0.673579
1.400000 0.028975 0.735900
1.400000 0.019423 0.995132
1.400000 0.008438 0.369204
1.400000 0.039457 1.241969
1.400000 0.010844 0.261429
1.400000 0.022373 0.619460
1.400000 0.004100 0.023170
1.400000 0.004100 0.019445
1.400000 0.016305 0.403449
1.400000 0.009064 0.483134
1.400000 0.016684 0.441281
1.400000 0.004100 0.077426
1.400000 0.012976 0.279544
1.400000 0.008977 0.164986
1.400000 0.021040 0.662140
1.400000 0.015838 1.045677
1.400000 0.013521 0.152893
1.400000 0.004100 0.073001
1.400000 0.020142 0.367682
1.400000 0.028118 1.572874
1.400000 0.023903 0.845997
1.400000 0.005865 0.124714
1.400000 0.004100 0.062142
1.400000 0.017491 0.879326
1.400000 0.019279 0.941192
1.400000 0.012923 0.258454
1.400000 0.005007 0.148314
1.400000 0.016191 0.317604
1.400000 0.009001 0.317149
1.400000 0.012108 0.255760
1.400000 0.028476 0.785716
1.400000 0.012410 0.199711
1.400000 0.015082 0.394024
1.400000 0.011112 0.182196
1.400000 0.018624 0.734616
1.400000 0.027650 1.426223
1.400000 0.004100 0.034109
1.400000 0.010710 0.225289
1.400000 0.007910 0.799587
1.400000 0.015445 0.400653
1.400000 0.011033 1.120453
1.400000 0.007092 0.125933
1.400000 0.005387 0.038227
1.400000 0.020475 0.784962
1.400000 0.030266 1.279813
1.400000 0.021408 0.494261
1.400000 0.005995 0.098669
1.400000 0.016568 0.719243
1.400000 0.010674 0.358819
1.400000 0.004100 0.017371
1.400000 0.007463 0.063686
1.400000 0.015414 0.300085
1.400000 0.011778 0.288768
1.400000 0.028160 1.164300
1.400000 0.026903 0.822303
1.400000 0.013085 0.451147
1.400000 0.018697 0.372941
1.400000 0.013031 0.954591
1.400000 0.004100 0.022749
1.400000 0.023964 0.653380
1.400000 0.013297 0.216273
1.400000 0.010007 0.189097
1.400000 0.008261 0.797727
1.400000 0.006624 0.079900
1.400000 0.023246 0.723542
1.400000 0.007880 0.200874
1.400000 0.016751 1.719054
1.400000 0.010798 0.123519
1.400000 0.004100 0.015027
1.400000 0.004100 0.012397
1.400000 0.016972 0.610432
1.400000 0.006913 0.479214
1.400000 0.014136 0.369788
1.400000 0.042969 1.530440
1.400000 0.004100 0.030702
1.400000 0.011152 0.290870
1.400000 0.017261 0.383006
1.400000 0.009180 0.257952
1.400000 0.033202 1.025103
1.400000 0.004100 0.017486
1.400000 0.009298 0.378409
1.400000 0.024152 0.715191
1.400000 0.004100 0.018736
1.400000 0.007744 0.445417
1.400000 0.008671 0.145108
1.400000 0.021771 0.889147
1.400000 0.020081 0.533908
1.400000 0.014594 0.682255
1.400000 0.006923 0.131450
1.400000 0.013010 0.679611
1.400000 0.013943 0.519335
1.400000 0.018927 0.971809
1.400000 0.017161 0.411840
1.400000 0.020576 1.433207
1.400000 0.016427 0.495665
1.400000 0.015913 0.278773
1.400000 0.011501 0.324689
1.400000 0.004100 0.017634
1.400000 0.021026 0.789858
1.400000 0.006593 0.087306
1.400000 0.004477 0.043748
1.400000 0.009759 0.916695
1.400000 0.016475 0.266717
1.400000 0.025966 0.562321
1.400000 0.010847 0.894343
1.400000 0.011130 0.233897
1.400000 0.023549 1.818785
1.400000 0.042339 1.936326
1.400000 0.034724 2.591646
1.400000 0.010116 0.315177
1.400000 0.013481 0.209125
1.400000 0.013401 4.088151
1.400000 0.030133 1.395411
1.400000 0.004100 0.026156
1.400000 0.004100 0.018140
1.400000 0.004100 0.040956
1.400000 0.046410 1.793531
1.400000 0.009219 1.452326
1.400000 0.008848 0.116549
1.400000 0.004100 0.024397
1.400000 0.011002 0.274589
1.400000 0.004100 0.018552
1.400000 0.004100 0.016023
1.400000 0.011688 0.291292
1.400000 0.004100 0.038952
1.400000 0.009707 0.185899
1.400000 0.021864 0.615201
1.400000 0.028037 0.727920
1.400000 0.004100 0.028099
1.400000 0.043213 1.680069
1.400000 0.021119 0.498667
1.400000 0.005877 0.047638
1.400000 0.021835 0.770433
1.400000 0.010518 0.239049
1.400000 0.008754 0.868954
1.400000 0.016712 1.152637
1.400000 0.015307 0.381980
1.400000 0.020165 0.579496
1.400000 0.017710 0.319551
1.400000 0.018956 0.531515
1.400000 0.007098 0.095211
1.400000 0.033659 2.276935
1.400000 0.010046 0.451084
1.400000 0.010031 0.373165
1.400000 0.012269 0.421980
1.400000 0.028141 1.209460
1.400000 0.013384 0.701842
1.400000 0.020931 0.579041
1.400000 0.004100 0.017851
1.400000 0.028773 1.765950
1.400000 0.019605 0.352702
1.400000 0.010511 0.257946
1.400000 0.018255 1.065534
1.400000 0.004100 0.057619
1.400000 0.004100 0.034046
1.400000 0.017702 0.672755
1.400000 0.005370 0.033755
1.400000 0.006749 0.077030
1.400000 0.016104 0.336875
1.400000 0.009194 2.948853
1.400000 0.045118 2.203236
1.400000 0.004100 0.019591
1.400000 0.008112 0.473555
1.400000 0.018189 0.731684
1.400000 0.004100 0.030725
1.400000 0.007492 0.101270
1.400000 0.004100 0.027336
1.400000 0.022352 0.814728
1.400000 0.020830 0.714974
1.400000 0.010026 0.141970
1.400000 0.004438 0.021820
1.400000 0.038868 1.579283
1.400000 0.004100 0.022435
1.400000 0.012153 0.173659
1.400000 0.012700 0.338090
1.400000 0.008377 0.092560
1.400000 0.006949 0.737939
1.400000 0.004100 0.054278
1.400000 0.012492 0.229465
1.400000 0.015733 0.951081
1.400000 0.022999 1.050793
1.400000 0.015332 1.146526
1.400000 0.016134 0.462426
1.400000 0.004100 0.022865
1.400000 0.007104 0.075613
1.400000 0.014592 0.513277
1.400000 0.013919 0.867362
1.400000 0.008210 1.365666
1.400000 0.010202 0.384311
1.400000 0.011270 0.804283
1.400000 0.010613 0.884872
1.400000 0.004100 0.025101
1.400000 0.008194 0.322103
1.400000 0.016187 0.811582
1.400000 0.023441 0.750660
1.400000 0.008476 0.147052
1.400000 0.018700 0.413854
1.400000 0.044718 2.029091
1.400000 0.004764 0.099156
1.400000 0.009377 0.210901
1.400000 0.012588 1.329381
1.400000 0.013615 0.295291
1.400000 0.046421 2.499489
1.400000 0.011155 0.605647
1.400000 0.010325 0.104426
1.400000 0.012668 0.185043
1.400000 0.009233 0.123688
1.400000 0.025269 0.874994
1.400000 0.014139 0.635101
1.400000 0.010449 2.025955
1.400000 0.017612 0.504557
1.400000 0.018026 0.447321
1.400000 0.015716 0.279393
1.400000 0.015483 0.711369
1.400000 0.019830 0.852576
1.400000 0.019637 0.552576
1.400000 0.008927 0.169095
1.400000 0.004100 0.075659
1.400000 0.007243 0.118347
1.400000 0.007361 0.137310
1.400000 0.004100 0.046887
1.400000 0.011785 6.900902
1.400000 0.030158 0.932520
1.400000 0.011091 0.620953
1.400000 0.012830 0.228402
1.400000 0.020595 0.547848
1.400000 0.031124 2.386263
1.400000 0.008785 1.509655
1.400000 0.021248 1.094988
1.400000 0.004100 0.044751
1.400000 0.014106 0.290749
1.400000 0.016880 0.913731
1.400000 0.018823 0.367256
1.400000 0.004100 0.054267
1.400000 0.011698 0.574473
1.400000 0.026494 0.948941
1.400000 0.035249 1.180934
1.400000 0.011306 0.121771
1.400000 0.014887 0.445835
1.400000 0.004226 0.017730
1.400000 0.038824 2.260604
1.400000 0.007999 0.655526
1.400000 0.047185 2.509950
1.400000 0.015469 0.359879
1.400000 0.014737 0.643264
1.400000 0.035754 1.780946
1.400000 0.009979 0.519726
1.400000 0.004100 0.021612
1.400000 0.009849 0.226722
1.400000 0.015189 0.758465
1.400000 0.030525 1.274068
1.400000 0.004100 0.085375
1.400000 0.018756 0.538511
1.400000 0.012235 0.314813
1.400000 0.004100 0.020946
1.400000 0.014934 0.246305
1.400000 0.005479 0.070466
1.400000 0.016321 0.599570
1.400000 0.019516 0.571421
1.400000 0.025546 0.911784
1.400000 0.010381 0.369762
1.400000 0.009487 0.240594
1.400000 0.007096 0.802320
1.400000 0.015729 0.433770
1.400000 0.021600 0.727806
1.400000 0.004100 0.029242
1.400000 0.013878 0.569040
1.400000 0.009629 0.500554
1.400000 0.011244 5.229190
1.400000 0.004100 0.017316
1.400000 0.004227 0.053256
1.400000 0.004100 0.018290
1.400000 0.015022 0.435103
1.400000 0.004100 0.019483
1.400000 0.033797 1.167280
1.400000 0.008810 0.256073
1.400000 0.007399 0.341383
1.400000 0.012247 0.284608
1.400000 0.008261 0.678335
1.400000 0.005884 0.172025
1.400000 0.022024 0.701432
1.400000 0.019130 0.864247
1.400000 0.017273 0.524593
1.400000 0.018504 0.443188
1.400000 0.014712 0.273579
1.400000 0.010903 1.180330
1.400000 0.007087 0.131116
1.400000 0.009367 0.187504
1.400000 0.004100 0.020550
1.400000 0.011287 0.704968
1.400000 0.025326 0.905778
1.400000 0.044579 3.179898
1.400000 0.019680 0.621253
1.400000 0.006311 0.061188
1.400000 0.009359 0.102601
1.400000 0.011772 0.146946
1.400000 0.018654 0.369038
1.400000 0.022455 0.696422
1.400000 0.004100 0.017442
1.400000 0.010685 0.177104
1.400000 0.004100 0.022877
1.400000 0.035101 1.308687
1.400000 0.015503 0.268007
1.400000 0.008998 0.645878
1.400000 0.008479 0.382140
1.400000 0.004100 0.020073
1.400000 0.022996 0.716958
1.400000 0.004825 0.122800
1.400000 0.004100 0.019951
1.400000 0.004100 0.057379
1.400000 0.005512 0.111244
1.400000 0.026008 0.892731
1.400000 0.017334 0.303115
1.400000 0.004100 0.020654
1.400000 0.004100 0.033048
1.400000 0.016282 0.265028
1.400000 0.007390 0.092224
1.400000 0.013472 0.225234
1.400000 0.004100 0.016860
1.400000 0.008462 0.140274
1.400000 0.015821 0.226367
1.400000 0.008428 0.120467
1.400000 0.022532 0.560834
1.400000 0.022273 0.641669
1.400000 0.004815 0.047192
1.400000 0.004100 0.016336
1.400000 0.028114 1.514894
1.400000 0.004100 0.035877
1.400000 0.009699 0.162991
1.400000 0.023869 1.094629
1.400000 0.022073 0.532355
1.400000 0.010064 0.453173
1.400000 0.019640 0.591775
1.400000 0.022366 0.780162
1.400000 0.034264 1.349815
1.400000 0.005428 0.114602
1.400000 0.004606 0.030670
1.400000 0.022550 0.860068
1.400000 0.014332 0.554395
1.400000 0.008101 0.072929
1.400000 0.009047 1.152923
1.400000 0.007355 0.237215
1.400000 0.004100 0.023355
1.400000 0.028786 1.271743
1.400000 0.014420 0.424882
1.400000 0.013605 0.385510
1.400000 0.010157 0.630823
1.400000 0.016350 0.338529
1.400000 0.008412 0.773074
1.400000 0.023812 1.048421
1.400000 0.008765 1.336691
1.400000 0.018420 0.817652
1.400000 0.006240 0.128127
1.400000 0.009382 0.100342
1.400000 0.018462 0.465578
1.400000 0.009396 0.217426
1.400000 0.040577 1.790291
1.400000 0.012724 0.739639
1.400000 0.004100 0.043043
1.400000 0.004100 0.025534
1.400000 0.021418 1.261407
1.400000 0.004144 0.025207
1.400000 0.019458 0.557472
1.400000 0.008110 0.388344
1.400000 0.008083 0.330434
1.400000 0.007648 0.103220
1.400000 0.004739 0.057644
1.400000 0.023325 1.000698
1.400000 0.004100 0.023951
1.400000 0.013029 0.877520
1.400000 0.014420 0.937993
1.400000 0.050215 3.081522
1.400000 0.004786 0.171299
1.400000 0.004622 0.021037
1.400000 0.008023 3.397860
1.400000 0.004100 0.040312
1.400000 0.006988 0.379349
1.400000 0.004100 0.053364
1.400000 0.007152 0.170222
1.400000 0.011682 0.192454
1.400000 0.037026 1.220004
1.400000 0.030188 0.951292
1.400000 0.016146 0.415817
1.400000 0.006944 0.233506
1.400000 0.023830 0.822448
1.400000 0.004100 0.026989
1.400000 0.005748 0.051092
1.400000 0.012426 2.115774
1.400000 0.036226 1.075930
1.400000 0.014858 0.554925
1.400000 0.025933 0.636783
1.400000 0.007393 0.339461
1.400000 0.004100 0.039727
1.400000 0.012706 0.472292
1.400000 0.005032 0.055029
1.400000 0.018254 0.482227
1.400000 0.012962 1.015549
1.400000 0.024139 0.773390
1.400000 0.008852 0.107549
1.400000 0.004100 0.016062
1.400000 0.007774 0.096771
1.400000 0.009385 0.564504
1.400000 0.016387 0.421360
1.400000 0.004100 0.025102
1.400000 0.010812 0.110054
1.400000 0.018598 0.535161
1.400000 0.042365 2.165567
1.400000 0.004203 0.026953
1.400000 0.004100 0.034769
1.400000 0.015178 0.296392
1.400000 0.026081 1.111847
1.400000 0.012767 0.459492
1.400000 0.004100 0.021958
1.400000 0.011785 0.536019
1.400000 0.013704 0.380742
1.400000 0.006008 0.060536
1.400000 0.007550 0.072387
1.400000 0.019808 0.599577
1.400000 0.007185 0.156013
1.400000 0.008928 0.092066
1.400000 0.014836 0.342417
1.400000 0.006219 0.233647
1.400000 0.006187 0.037642
1.400000 0.014863 0.615989
1.400000 0.014616 1.195036
1.400000 0.004100 0.021064
1.400000 0.019550 0.742242
1.400000 0.015363 0.404171
1.400000 0.024355 0.646855
1.400000 0.004100 0.034090
1.400000 0.008517 0.753256
1.400000 0.005817 0.076124
1.400000 0.004100 0.029055
1.400000 0.006401 0.356840
1.400000 0.016945 3.514548
1.400000 0.008166 0.126137
1.400000 0.035436 1.536806
1.400000 0.004100 0.027019
1.400000 0.004100 0.016601
1.400000 0.004656 0.103003
1.400000 0.015212 0.972743
1.400000 0.004100 0.035911
1.400000 0.015556 0.554180
1.400000 0.004100 0.029500
1.400000 0.004100 0.017152
1.400000 0.004899 0.068212
1.400000 0.007905 0.153146
1.400000 0.018940 0.777133
1.400000 0.004100 0.021688
1.400000 0.008906 0.124470
1.400000 0.018511 0.584738
1.400000 0.005946 0.100498
1.400000 0.004100 0.041165
1.400000 0.015610 0.544566
1.400000 0.012289 0.220777
1.400000 0.010788 0.377492
1.400000 0.004100 0.042269
1.400000 0.008985 0.113769
1.400000 0.015403 0.568790
1.400000 0.004100 0.047617
1.400000 0.006187 0.063920
1.400000 0.004100 0.024148
1.400000 0.029031 1.596490
1.400000 0.012903 1.224889
1.400000 0.007787 0.242467
1.400000 0.011544 0.169785
1.400000 0.007727 0.301886
1.400000 0.004712 0.055045
1.400000 0.008092 0.156113
1.400000 0.010708 0.713826
1.400000 0.006324 0.033700
1.400000 0.004100 0.024357
1.400000 0.013878 0.537914
1.400000 0.023205 0.597844
1.400000 0.004100 0.030841
1.400000 0.004100 0.020628
1.400000 0.035514 2.023753
1.400000 0.041229 2.031013
1.400000 0.014411 0.931118
1.400000 0.014548 0.449636
1.400000 0.004100 0.017803
1.400000 0.038974 1.443401
1.400000 0.017992 0.351605
1.400000 0.004445 0.065545
1.400000 0.018805 0.928695
1.400000 0.006849 0.162904
1.400000 0.017003 0.902069
1.400000 0.012161 0.267816
1.400000 0.018557 0.371524
1.400000 0.013067 0.546427
1.400000 0.007682 0.952796
1.400000 0.015981 0.861768
1.400000 0.004100 0.023819
1.400000 0.019696 0.588823
1.400000 0.025411 1.087684
1.400000 0.004100 0.025278
1.400000 0.009834 0.214703
1.400000 0.009930 0.395937
1.400000 0.034921 2.368334
1.400000 0.024166 0.723528
1.400000 0.038569 2.026189
1.400000 0.029986 1.301771
1.400000 0.004100 0.016071
1.400000 0.004100 0.024766
1.400000 0.010592 0.141458
1.400000 0.032194 1.148563
1.400000 0.009059 0.175873
1.400000 0.018918 0.473031
1.400000 0.010751 0.396047
1.400000 0.009580 0.168232
1.400000 0.004753 0.082466
1.400000 0.008805 0.179086
1.400000 0.004100 0.021371
1.400000 0.009582 0.115342
1.400000 0.015232 0.507293
1.400000 0.004954 0.187407
1.400000 0.015109 0.367167
1.400000 0.012493 7.450668
1.400000 0.013980 0.273910
1.400000 0.007078 0.283476
1.400000 0.008347 0.701904
1.400000 0.004100 0.034471
1.400000 0.012295 0.406035
1.400000 0.017207 0.492745
1.400000 0.008722 0.253439
1.400000 0.015039 0.489846
1.400000 0.008652 0.067819
1.400000 0.012677 0.178444
1.400000 0.011814 0.523678
1.400000 0.021825 0.760752
1.400000 0.027677 1.388452
1.400000 0.009177 0.253469
1.400000 0.026102 0.998284
1.400000 0.012494 0.383840
1.400000 0.046049 2.284229
1.400000 0.016256 0.676090
1.400000 0.024993 0.805647
1.400000 0.004100 0.025109
1.400000 0.017110 0.621304
1.400000 0.025571 0.942206
1.400000 0.009812 0.918410
1.400000 0.009408 0.219054
1.400000 0.008658 0.423846
1.400000 0.023366 1.133812
1.400000 0.020083 0.596658
1.400000 0.007605 0.176208
1.400000 0.010143 0.183530
1.400000 0.017060 0.816964
1.400000 0.033082 1.360741
1.400000 0.004100 0.028827
1.400000 0.009478 0.410160
1.400000 0.046804 2.089935
1.400000 0.007498 0.132265
1.400000 0.011551 3.526203
1.400000 0.037431 1.875293
1.400000 0.013144 0.222440
1.400000 0.004100 0.023719
1.400000 0.004100 0.022478
1.400000 0.009165 0.130081
1.400000 0.008938 0.151323
1.400000 0.004100 0.029730
1.400000 0.049664 2.423410
1.400000 0.007001 0.062684
1.400000 0.040644 2.178456
1.400000 0.025174 1.377769
1.400000 0.052344 3.285284
1.400000 0.013027 0.569764
1.400000 0.032719 1.555650
1.400000 0.033284 1.676185
1.400000 0.040584 1.954709
1.400000 0.005452 0.080033
1.400000 0.014442 0.577734
1.400000 0.018679 0.484891
1.400000 0.008273 0.128133
1.400000 0.008257 0.183642
1.400000 0.006254 0.141516
1.400000 0.041098 2.453767
1.400000 0.055219 3.191480
1.400000 0.012976 0.446648
1.400000 0.009212 0.170586
1.400000 0.004134 0.059136
1.400000 0.021020 0.976247
1.400000 0.038585 1.715957
1.400000 0.035183 1.820910
1.400000 0.035618 1.869722
1.400000 0.009348 0.128860
1.400000 0.006176 0.073123
1.400000 0.011484 0.175501
1.400000 0.008939 0.142600
1.400000 0.016248 0.880463
1.400000 0.007605 0.951560
1.400000 0.004100 0.027251
1.400000 0.041950 2.014855
1.400000 0.054486 2.455183
1.400000 0.004100 0.037476
1.400000 0.008222 0.634116
1.400000 0.029029 1.422914
1.400000 0.004100 0.057002
1.400000 0.022952 0.809427
1.400000 0.012926 0.759140
1.400000 0.008367 0.572486
1.400000 0.015513 1.492015
1.400000 0.010563 0.376582
1.400000 0.024330 0.538339
1.400000 0.020729 0.700088
1.400000 0.004100 0.017738
1.400000 0.024492 1.987363
1.400000 0.004100 0.035226
1.400000 0.025106 1.070124
1.400000 0.022958 0.657570
1.400000 0.045376 2.976201
1.400000 0.020228 0.852101
1.400000 0.008698 0.407484
1.400000 0.004100 0.020081
1.400000 0.017078 0.393563
1.400000 0.005699 0.062391
1.400000 0.008780 0.175111
1.400000 0.004100 0.033073
1.400000 0.021479 0.773368
1.400000 0.011283 0.754160
1.400000 0.020792 0.984604
1.400000 0.004100 0.036168
1.400000 0.014065 1.235348
1.400000 0.004100 0.023219
1.400000 0.028687 1.696957
1.400000 0.066122 6.064931
1.400000 0.011547 0.997963
1.400000 0.004100 0.029774
1.400000 0.014513 0.560139
1.400000 0.006396 0.237513
1.400000 0.011701 0.241266
1.400000 0.021193 0.920142
1.400000 0.004100 0.030518
1.400000 0.017455 0.584216
1.400000 0.041239 1.849163
1.400000 0.008601 0.268163
1.400000 0.030997 1.495599
1.400000 0.018376 0.449474
1.400000 0.025800 1.367204
1.400000 0.011830 1.397685
1.400000 0.007146 0.436821
1.400000 0.004100 0.045043
1.400000 0.004100 0.021140
1.400000 0.028114 0.692026
1.400000 0.004100 0.044657
1.400000 0.004100 0.029601
1.400000 0.015909 0.628151
1.400000 0.014918 0.384498
1.400000 0.004100 0.059266
1.400000 0.042863 3.208319
1.400000 0.014506 0.822768
1.400000 0.006744 0.368915
1.400000 0.017168 1.098467
1.400000 0.004100 0.031390
1.400000 0.010148 0.155005
1.400000 0.020604 1.084796
1.400000 0.007000 0.159844
1.400000 0.031880 1.482962
1.400000 0.004635 0.029355
1.400000 0.004100 0.027420
1.400000 0.004159 0.028880
1.400000 0.026812 1.073532
1.400000 0.009741 0.103359
1.400000 0.009012 0.530451
1.400000 0.009676 1.709810
1.400000 0.004869 0.155376
1.400000 0.007664 0.093598
1.400000 0.010281 0.911741
1.400000 0.005054 0.035215
1.400000 0.011216 1.914784
1.400000 0.011161 0.199565
1.400000 0.040857 2.455697
1.400000 0.009770 0.147626
1.400000 0.047998 3.156067
1.400000 0.004100 0.034642
1.400000 0.007074 0.650726
1.400000 0.004100 0.020847
1.400000 0.006201 0.126266
1.400000 0.032349 1.332568
1.400000 0.021597 1.206487
1.400000 0.016607 0.789029
1.400000 0.006627 0.107164
1.400000 0.004100 0.027536
1.400000 0.004100 0.023705
1.400000 0.017991 0.377096
1.400000 0.021104 1.013767
1.400000 0.010217 0.315056
1.400000 0.014234 3.911826
1.400000 0.004100 0.021716
1.400000 0.004100 0.022278
1.400000 0.006933 0.202192
1.400000 0.004100 0.038512
1.400000 0.008355 0.182132
1.400000 0.011652 0.361555
1.400000 0.023730 1.178881
1.400000 0.067386 6.269370
1.400000 0.012728 6.838854
1.400000 0.010340 0.697641
1.400000 0.009872 0.112964
1.400000 0.021671 0.827952
1.400000 0.010679 0.177553
1.400000 0.017060 0.546946
1.400000 0.010240 4.304424
1.400000 0.004100 0.049401
1.400000 0.008854 0.211045
1.400000 0.015435 2.314584
1.400000 0.010824 0.497443
1.400000 0.026608 1.901966
1.400000 0.004100 0.025243
1.400000 0.036800 2.321378
1.400000 0.015002 0.584337
1.400000 0.004791 0.113463
1.400000 0.019741 0.639081
1.400000 0.004100 0.058074
1.400000 0.007218 0.107433
1.400000 0.009317 0.564511
1.400000 0.004100 0.037118
1.400000 0.004100 0.023806
1.400000 0.004100 0.025464
1.400000 0.006039 0.067765
1.400000 0.026900 1.926520
1.400000 0.005803 0.101190
1.400000 0.004100 0.019149
1.400000 0.017994 0.630097
1.400000 0.018680 0.493647
1.400000 0.015228 0.601545
1.400000 0.027571 1.227417
1.400000 0.018537 0.479357
1.400000 0.007255 0.211225
1.400000 0.008562 0.200209
1.400000 0.019597 0.523399
1.400000 0.004100 0.057979
1.400000 0.020155 0.416935
1.400000 0.017023 0.648269
1.400000 0.020819 0.624938
1.400000 0.015622 1.836153
1.400000 0.017224 0.523946
1.400000 0.026760 1.982287
1.400000 0.014983 0.284575
1.400000 0.004100 0.030741
1.400000 0.022716 0.886020
1.400000 0.004100 0.028538
1.400000 0.004100 0.022802
1.400000 0.004467 0.040002
1.400000 0.016410 1.284905
1.400000 0.004100 0.064888
1.400000 0.005384 0.109070
1.400000 0.004100 0.040597
1.400000 0.028969 1.239398
1.400000 0.011290 0.281498
1.400000 0.016550 0.691366
1.400000 0.021496 0.833912
1.400000 0.011960 0.428417
1.400000 0.009233 0.121502
1.400000 0.009665 0.391210
1.400000 0.006920 0.345471
1.400000 0.029180 1.468577
1.400000 0.015028 0.330399
1.400000 0.014842 0.357101
1.400000 0.005094 0.034003
1.400000 0.004100 0.027160
1.400000 0.004100 0.037999
1.400000 0.014995 0.408166
1.400000 0.004100 0.024727
1.400000 0.004100 0.021356
1.400000 0.035419 1.849143
1.400000 0.019860 0.801499
1.400000 0.019392 1.392518
1.400000 0.006836 0.458847
1.400000 0.004100 0.034120
1.400000 0.022005 0.701627
1.400000 0.011631 0.287336
1.400000 0.011357 0.380422
1.400000 0.004410 0.035115
1.400000 0.020347 0.608039
1.400000 0.015796 0.427547
1.400000 0.012804 0.786926
1.400000 0.031024 1.643756
1.400000 0.029492 1.229978
1.400000 0.015864 0.513606
1.400000 0.009195 0.126906
1.400000 0.011482 3.553101
1.400000 0.015250 0.347821
1.400000 0.020852 0.920083
1.400000 0.004100 0.036237
1.400000 0.007899 0.082374
1.400000 0.023636 2.643914
1.400000 0.010940 0.508759
1.400000 0.005835 0.153171
1.400000 0.005598 0.094384
1.400000 0.021246 1.384783
1.400000 0.026861 1.089307
1.400000 0.008918 0.391170
1.400000 0.004100 0.053040
1.400000 0.019195 0.641972
1.400000 0.014891 0.992635
1.400000 0.020907 2.526111
1.400000 0.009407 1.914297
1.400000 0.010330 1.400373
1.400000 0.016480 1.601696
1.400000 0.005219 0.055882
1.400000 0.004100 0.019409
1.400000 0.008260 0.126581
1.400000 0.004100 0.021921
1.400000 0.013299 0.191317
1.400000 0.004100 0.041270
1.400000 0.021654 1.284815
1.400000 0.013669 0.329815
1.400000 0.004100 0.045600
1.400000 0.011063 1.091286
1.400000 0.017850 0.550741
1.400000 0.004100 0.023433
1.400000 0.004100 0.062570
1.400000 0.028432 1.027993
1.400000 0.013831 0.553991
1.400000 0.018323 0.880558
1.400000 0.029555 1.390542
1.400000 0.017482 0.870025
1.400000 0.007118 0.211352
1.400000 0.010295 0.263607
1.400000 0.012541 0.210094
1.400000 0.035001 1.991285
1.400000 0.010911 0.735094
1.400000 0.004100 0.045136
1.400000 0.004100 0.028857
1.400000 0.038387 3.401869
1.400000 0.016861 0.839706
1.400000 0.025126 1.594565
1.400000 0.015242 3.371767
1.400000 0.009969 0.725932
1.400000 0.011725 0.284736
1.400000 0.015200 0.520594
1.400000 0.019058 1.079520
1.400000 0.005485 0.183109
1.400000 0.004100 0.037495
1.400000 0.026276 1.277687
1.400000 0.006555 0.147241
1.400000 0.011211 0.346792
1.400000 0.010874 0.311665
1.400000 0.015059 0.982405
1.400000 0.057910 5.093936
1.400000 0.030948 2.664238
1.400000 0.004100 0.024704
1.400000 0.007904 0.192825
1.400000 0.013257 2.009365
1.400000 0.005820 0.251597
1.400000 0.004100 0.030463
1.400000 0.008891 1.343232
1.400000 0.004100 0.019159
1.400000 0.004100 0.062904
1.400000 0.039709 4.572628
1.400000 0.027446 1.972831
1.400000 0.004100 0.064184
1.400000 0.013681 0.560848
1.400000 0.007444 0.213624
1.400000 0.014490 0.790089
1.400000 0.004100 0.059020
1.400000 0.004100 0.066645
1.400000 0.004100 0.073744
1.400000 0.005236 0.044669
1.400000 0.011462 0.378415
1.400000 0.012300 0.282971
1.400000 0.023184 2.485052
1.400000 0.026718 1.569967
1.400000 0.012567 0.500553
1.400000 0.030414 1.128057
1.400000 0.004100 0.044951
1.400000 0.029316 1.220939
1.400000 0.011524 3.415834
1.400000 0.011933 0.695451
1.400000 0.046464 5.543533
1.400000 0.015159 0.337177
1.400000 0.028577 2.567959
1.400000 0.015303 3.755402
1.400000 0.004100 0.104416
1.400000 0.034701 1.477327
1.400000 0.004100 0.032901
1.400000 0.024089 1.600504
1.400000 0.009797 2.058580
1.400000 0.004100 0.038115
1.400000 0.023391 4.598570
1.400000 0.034792 1.737269
1.400000 0.032538 5.017100
1.400000 0.016018 0.707025
1.400000 0.006073 0.468794
1.400000 0.028124 2.417183
1.400000 0.004100 0.097616
1.400000 0.023570 1.282912
1.400000 0.023343 2.310580
1.400000 0.019961 1.973104
1.400000 0.017269 3.156097
1.400000 0.015135 0.635737
1.400000 0.004420 0.155363
1.400000 0.012913 1.049233
1.400000 0.011489 0.924518
1.400000 0.014055 0.320618
1.400000 0.017244 3.279127
1.400000 0.005255 0.075468
1.400000 0.026494 6.725171
1.400000 0.015326 2.650706
1.400000 0.004724 0.156272
1.400000 0.004100 0.031960
1.400000 0.022004 1.962561
1.400000 0.004100 0.048070
1.400000 0.010374 0.505434
1.400000 0.013327 1.401812
1.400000 0.004100 0.074106
1.400000 0.025351 1.941518
1.400000 0.013947 3.245085
1.400000 0.004100 0.042444
1.400000 0.012920 1.502760
1.400000 0.008680 0.923571
1.400000 0.004100 0.062059
1.400000 0.032717 2.944578
1.400000 0.018043 2.360240
1.400000 0.013988 0.935194
1.400000 0.004100 0.077809
1.400000 0.049891 4.336583
1.400000 0.004100 0.071366
1.400000 0.007653 0.743422
1.400000 0.010548 0.996247
1.400000 0.005854 0.171840
1.400000 0.022830 7.499676
1.400000 0.011934 0.324331
1.400000 0.008229 0.722962
1.400000 0.004100 0.060578
1.400000 0.004100 0.070750
1.400000 0.004100 0.034191
1.400000 0.025421 3.494753
1.400000 0.043877 3.618765
1.400000 0.004905 0.216081
1.400000 0.011845 0.942594
1.400000 0.004100 0.101053
1.400000 0.009007 1.996200
1.400000 0.050451 10.352747
1.400000 0.004100 0.041533
1.400000 0.028995 5.762362
1.400000 0.014041 2.938461
1.400000 0.004100 0.118506
1.400000 0.010114 1.970222
1.400000 0.004100 0.150067
1.400000 0.009710 0.259889
1.400000 0.004100 0.133878
1.400000 0.033667 2.966502
1.400000 0.004100 0.105601
1.400000 0.012688 1.514827
1.400000 0.013476 2.446182
1.400000 0.014869 0.567040
1.400000 0.007040 1.093134
1.400000 0.004100 0.036416
