0.6   1.4   2.3
0.6   8.5   2.7
0.6   1.37  2.5 
0.6   6.3   2.0
0.6   1.1   1.8
0.6   6.4   27
0.6   7.4   8.1
0.6   1.3   1.9
0.6   4.5   3.8
0.6   2.53  2.0
1.7   1.86  0.72 
1.7   0.24  0.2 
1.7   1.72  0.62
1.7   1.66  2.53
0.35  3.6   10.2
0.35  2.7   11.2
0.35  3.9   5.2
0.35  2.42  31.9
0.35  5.89  48.9
0.35  3.7   28.1
0.35  1.5   7.8
0.35  3.2   7.7
0.6   2.5   1
0.6   1.96  7.7
0.6   8.0   3.1
0.6   2.63  5.3
0.6   3.6   4.4
0.6   1.9   2.1
0.6   1     37
0.6   3.72  11.5
0.6   4.1   5.4
0.6   3.43  7.3
0.6   1.83  24
0.6   7.8   2.8
0.6   5.1   1.4
0.6   3.1   2.3
0.6   5     2.9
0.6   4.2   1.3
0.6   1.55  2.9
0.6   2.9   3.8
0.6   2.36  5.5
0.6   1.157 16.3
0.6   1.48  1.5
0.15  73    148
0.15  119   26
0.15  72    49
0.15  158   196
0.15  43    27
0.15  42    38
0.15  87    86
0.15  66    68
0.15  80    140
0.15  58    145
0.15  69    103
0.15  41    65  
0.15  50    97
0.15  63    59
0.15  93    43
0.15  65    53
0.15  51    66
0.15  57    308
0.3   17    161
0.3   12    26
0.3   39    33
0.3   18    27
0.3   98    178
0.6   3.5   12
0.6   3.7   2.2
0.6   3.5   14
0.6   2.9   5
