1.4 3.3   0.1
1.4 3.8   0.1
1.4 3.3   0.1
1.4 4.6   0.2
1.4 8.7   0.09
1.4 2.8   0.06
1.4 6.1   0.06
1.4 6.6   0.9
1.4 6.0   0.3
1.4 8.0   0.2
1.4 3.06  1.0
2   2.16  0.82
2   1.94  0.16
2   3.45  1.32
2   0.88  0.34
2   1.40  0.33
2   1.79  0.83
2   2.97  0.62
2   2.46  0.18
2   1.36  1.08
2   1.68  0.22
1.4 4.29  0.37
1.4 3.69  0.03
1.4 4.34  0.05
1.4 3.66  0.1
1.4 2     0.114
4.5 0.8   0.7
4.5 0.85  0.2
4.5 0.22  0.2
4.5 0.55  0.09
4.5 0.76  0.1
4.5 0.03  0.05
4.5 0.31  0.2
4.5 1.36  0.5
4.5 1.92  0.3
4.5 0.98  0.2
4.5 0.95  0.1
4.5 0.42  0.2
4.5 0.78  0.6
4.5 0.15  0.2
4.5 0.54  0.4
4.5 0.74  0.6
6   0.59  0.2
6   0.27  0.2
1.4 1.03  0.6
1.4 0.19  0.6 
1.4 0.25  0.2
1.4 0.3   0.2
1.4 0.34  6.2
1.4 0.31  0.6
1.4 0.24  1.1
1.4 0.43  0.3
1.4 0.2   0.3
1.4 0.23  0.9
1.4 0.14  0.6
1.4 0.35  0.2
1.4 0.17  0.6
2   0.13  0.5
2   0.16  0.4
2   0.30  0.1
2   0.4   0.1
6.5 0.13  0.5
1.4 1.99  0.8 
1.4 5.4   0.11
1.4 2.6   0.09
1.4 4.2   0.14
1.4 2.4   0.09
1.4 4.4   0.16
1.4 1.5   0.11
1.4 5.1   0.19
1.4 5.6   0.15
1.4 2.1   0.07
1.4 0.73  0.03
1.4 6.0   0.4
1.4 2.0   0.07
1.4 3.3   0.22
1.4 9.1   0.6
1.4 1.1   0.028
1.4 4.2   0.2
1.4 7.7   0.21
1.4 1.78  0.2
1.4 3.7   0.17
1.4 4.3   0.13
1.4 4.7   0.08
1.4 2.4   0.09
1.4 13.5  0.24
1.4 3.8   0.13
1.4 4.0   0.08
1.4 8.2   0.14
1.4 2.8   0.09
1.4 1.9   0.09
1.4 3.0   0.22
1.4 2.1   0.1
1.4 6.1   0.25 
1.4 4.0   0.17
1.4 1.47  0.14
1.4 9.2   0.24
1.4 2.4   0.12 
1.4 2.8   0.20
1.4 6.2   0.3
1.4 7.0   0.27
1.4 3.7   0.09
1.4 4.8   0.17
6.5 1.74  0.62
6.5 0.39  0.02
6.5 0.42  0.03
6.5 0.68  0.23
6.5 1.15  0.14
6.5 0.92  0.13
6.5 0.31  0.02
6.5 0.27  0.18
6.5 0.34  0.04
6.5 0.39  0.04
6.5 0.81  0.06
6.5 0.41  0.04
6.5 0.19  0.04
6.5 0.41  0.04
6.5 0.18  0.07
6.5 0.72  0.07
6.5 1.68  0.45
6.5 0.68  0.07
1.4 3.56  2.6
1.4 3.4   0.6
1.4 2.05  1.7
1.4 2.1   0.7
1.4 3.2   0.35
1.4 5.1   1.3
1.4 1.8   0.4
1.4 1.9   0.4
1.4 2.6   1.0
1.4 2.1   0.23
1.4 2.9   0.5
1.4 1.8   0.38
1.4 3.5   0.7
1.4 4.6   0.5
1.4 1.8   0.7
1.4 7.1   1.0
1.4 3.7   0.6
1.4 3.15  2.4
1.4 3.3   0.7
1.4 7.5   1.9
1.4 4.7   0.9 
1.4 3.32  2.7
2.2 2.94  6.7 
2.2 1.05  0.4 
2.2 1.65  1.8
2.2 0.63  0.5
2.2 1.23  0.5
2.2 2.10  8.8
0.6 34    12
1.6 3.5   1.29 
1.6 1.6   1.5
1.6 1.2   0.4
1.6 3.2   1.63
1.6 3.6   2.16
1.6 7.2   5.23
1.6 1.7   1.74
1.6 1.6   0.57
1.6 2.2   1.28
1.6 2.2   0.85
1.6 1.9   0.88
1.6 2.2   0.59
1.6 3.6   5.84
1.6 1.7   1.21
1.6 2.5   4.8
1.6 5.0   3.35
1.6 2.8   1.15
1.6 2.2   0.85
1.6 3.9   11.34
1.6 1.9   0.72
1.6 1.9   1.12
1.6 3.2   0.81
1.6 1.7   0.53
1.6 4.5   11.42
1.6 2.5   4.89 
1.6 2.2   1.28
1.6 5.0   3.22
1.6 2.2   1.02
1.6 1.6   1.93
1.6 1.7   0.68
1.6 1.2   0.44
1.6 1.7   0.45
1.4 2.3   3.9
1.4 2.9   3.8
1.4 2.9   4.1
1.4 2.6   5
1.4 2.9   10
1.4 2.3   3.1
1.4 6.9   27
1.4 5.2   5
1.4 6.2   10
1.4 4.3   6
1.4 3.6   6
1.4 4.3   10
1.4 3.3   3.1 
1.4 4.6   10
1.4 4.3   4.3
1.4 1.6   3.7
1.4 2.9   19
1.4 5.2   10
1.4 3.9   10
1.4 4.6   5
1.4 3.3   3.9
1.4 2.3   10
1.4 3.9   8
1.4 3.6   5
1.4 8.2   9
1.4 5.2   12
1.4 4.3   5
1.4 2.3   3.5
1.4 2.9   4.4
1.4 2.6   5
1.3 6.3   0.18
1.3 2.0   0.83
1.3 3.7   0.68
1.3 12    0.32
1.3 2.1   0.95
1.3 2.5   0.37
1.3 10.7  2.23
1.3 2.6   0.87
1.3 2.3   0.42
1.3 4.2   0.4
1.3 10.7  4.13
